# oST version 5.0 parameters


[image]

width
640

height
480

[narrow_stereo]

camera matrix
803.319790 0.000000 325.823592
0.000000 802.832614 243.047253
0.000000 0.000000 1.000000

distortion
0.055013 0.200692 0.002773 0.003231 0.000000

rectification
1.000000 0.000000 0.000000
0.000000 1.000000 0.000000
0.000000 0.000000 1.000000

projection
823.604675 0.000000 326.899126 0.000000
0.000000 823.410217 243.831880 0.000000
0.000000 0.000000 1.000000 0.000000

