# oST version 5.0 parameters


[image]

width
1280

height
720

[narrow_stereo]

camera matrix
1067.282257 0.000000 637.947141
0.000000 1067.033892 428.802741
0.000000 0.000000 1.000000

distortion
-0.402192 0.158422 -0.000329 0.000075 0.000000

rectification
1.000000 0.000000 0.000000
0.000000 1.000000 0.000000
0.000000 0.000000 1.000000

projection
890.827515 0.000000 637.267137 0.000000
0.000000 1009.330811 435.680605 0.000000
0.000000 0.000000 1.000000 0.000000

