image_width: 1280
image_height: 720
camera_name: narrow_stereo
camera_matrix:
  rows: 3
  cols: 3
  data: [1417.071292, 0.000000, 628.014690, 0.000000, 1419.746368, 346.420089, 0.000000, 0.000000, 1.000000]
distortion_model: plumb_bob
distortion_coefficients:
  rows: 1
  cols: 5
  data: [0.091099, 0.082598, -0.000017, -0.000381, 0.000000]
rectification_matrix:
  rows: 3
  cols: 3
  data: [1.000000, 0.000000, 0.000000, 0.000000, 1.000000, 0.000000, 0.000000, 0.000000, 1.000000]
projection_matrix:
  rows: 3
  cols: 4
  data: [1458.177734, 0.000000, 628.249444, 0.000000, 0.000000, 1461.000366, 346.612105, 0.000000, 0.000000, 0.000000, 1.000000, 0.000000]
