# oST version 5.0 parameters


[image]

width
1280

height
720

[narrow_stereo]

camera matrix
1417.071292 0.000000 628.014690
0.000000 1419.746368 346.420089
0.000000 0.000000 1.000000

distortion
0.091099 0.082598 -0.000017 -0.000381 0.000000

rectification
1.000000 0.000000 0.000000
0.000000 1.000000 0.000000
0.000000 0.000000 1.000000

projection
1458.177734 0.000000 628.249444 0.000000
0.000000 1461.000366 346.612105 0.000000
0.000000 0.000000 1.000000 0.000000

