# oST version 5.0 parameters


[image]

width
640

height
480

[narrow_stereo]

camera matrix
534.700578 0.000000 317.307210
0.000000 534.227130 273.390725
0.000000 0.000000 1.000000

distortion
-0.395402 0.145984 0.000915 -0.000430 0.000000

rectification
1.000000 0.000000 0.000000
0.000000 1.000000 0.000000
0.000000 0.000000 1.000000

projection
446.341736 0.000000 315.652552 0.000000
0.000000 483.592712 280.640310 0.000000
0.000000 0.000000 1.000000 0.000000

